30943932
30962558
30971444
30975226
30989202
30998877
31014711
31023232
31039155
31040558
31040563
31040565
31040571
31040575
31041326
31042814
31048978
31056152
31062441
31068209
31068581
31085438
31089167
31093324
31099528
31108220
31130934
31138160
31157413
31158243
31176379
31185984
31190714
31192718
31210160
31221186
31225709
31226954
31230917
31232293
31233517
31237899
31254600
31255821
31256393
31257159
31266233
31272219
31279205
31289296
31295313
31296467
31299968
31303235
31303513
31303517
31307517
31311735
31314399
31324544
31326298
31329534
31330161
31331732
31360099
31372449
31375386
31378712
31385750
31387537
31391874
31394077
31397405
31406533
31420573
31427896
31442864
31450917
31454974
31474381
31500141
31508446
31512573
31528018
31528040
31533400
31549366
31555008
31607604
31609704
31641300
31641676
31666053
31671530
31696546
31699943
31715822
31716307
31716506
31716616
31716847
31717166
31720453
31736045
31742436
31749582
31754422
31763413
31783608
31796613
31808189
31817651
31819870
31820533
31829153
31838413
31847322
31849420
31853068
31855306
31860657
31861327
31871526
31876301
31890008
31900103
31919057
31927519
31935256
31971879
31989181
31998846
32009768
32019954
32031978
32032799
32053621
32071979
32074938
32085705
32097026
32099571
32100167
32132850
32140223
32148362
32148367
32148718
32158157
32160948
32164243
32175705
32181290
32188503
32202967
32204232
32219944
32230064
32230551
32230660
32230695
32258438
32273983
32285390
32290768
32290788
32308408
32324775
32331756
32345338
32346561
32355609
32368599
32370625
32374039
32377516
32378490
32394883
32407791
32428656
32458651
32478190
32478194
32490264
32497853
32512618
32527784
32532561
32560064
32563880
32564537
32566278
32577047
32579102
32586019
32593296
32599938
32606877
32614914
28428139
28450239
28452236
28472503
28503667
28508774
28508782
28508804
28520890
28540698
28545397
28548302
28549446
28605835
28651329
28654075
28748430
28787648
28796045
28808792
28831090
28849560
28855233
28881993
28883177
28957496
28961965
28992259
29025122
29028825
29040602
29057138
29067766
29075939
29076734
29086120
29092015
29095934
29110634
29145264
29151821
29186321
29188446
29204168
29211758
29226007
29231553
29244013
29258445
29278800
29293920
29295374
29300829
29302295
29318824
29334352
29346510
29371176
29375812
29394452
29432475
29444641
29506467
29512488
29534677
29539401
29544145
29544540
29547620
29604840
29607412
29618953
29718103
29732265
29741570
29742572
29752056
29788482
29801439
29912310
29917013
29940847
29956454
29969981
29972815
29989095
29991903
30004240
30027693
30092358
30092755
30094683
30096267
30101283
30102342
30109435
30114186
30115860
30128804
30147037
30152276
30203022
30230259
30243491
30245634
30256743
30268931
30314432
30319924
30459825
30466046
30468002
30515360
30535963
30553104
30594246
30606105
30634527
30642251
30648265
30648463
30663960
30700027
30734313
30791409
30793695
30804744
30805885
30813377
30860613
30871464
30880847
30899036
30900997
30930511
30979097
31003179
31091702
31143372
31148034
31159721
31159772
31173462
31175462
31204567
31254947
31278684
31284275
31309003
31309221
31331268
31357927
31388864
31392324
31416553
31452597
31483262
31510683
31513631
31525911
31596456
31601824
31620162
31625333
31632609
31663741
31667270
31681943
31702762
31710658
31712063
31738386
31827306
31840950
31867045
31984200
32032351
32055571
32066463
32121569
32235639
32267247
32276918
32309170
32337191
32339749
32373594
32396646
32468544
32486859
32532224
32535849
32566137
32585190
21040694
21139854
21147604
21159696
21195655
21245023
21261203
21275915
21398317
21507538
21536313
21608426
21676249
21697988
21778503
21819817
21879850
21914523
21957680
21962832
21999253
22048430
22082995
22151276
22152147
22192445
22196965
22216326
22236270
22340663
22341966
22496401
22520118
22520143
22551873
22640444
22662134
22665104
22784535
22838156
22838157
22838158
22838159
22838162
22851813
22884893
22907047
22957115
23066832
23178328
23195514
23212440
23241449
23326618
23349875
23383038
23409905
23512873
23549402
23555861
23556466
23617200
23638711
23640158
23658619
23680045
23855423
23931338
23980717
24038076
24062297
24066101
24115799
24163443
24168897
24220214
24252120
24331714
24334935
24366492
24392088
24393610
24455398
24457344
24534384
24575305
24839393
24845800
24865617
24984232
25033341
25098316
25127553
25189157
25229494
25239483
25271646
25271647
25361723
25377333
25386993
25473851
25496520
25537780
25585643
25660310
25691484
26018633
26149865
26179653
26349548
26467760
26498367
26580026
26607695
26666493
26707378
26823338
26825676
26843515
26945144
27004127
27022083
27193264
27304429
27485010
27537051
27586497
27659772
27694568
27746226
27789673
27798335
27881521
28077924
28100208
28285464
28342052
28419095
28497058
28659213
28685045
28693854
28732073
28743731
28779492
28784413
29104765
29116931
29155840
29168439
29174695
29304145
29375196
29413709
29445311
29447176
29698483
29702692
29739429
29945624
30107291
30202517
30208874
30291842
30300420
30557336
30562707
30700313
30735555
30753368
30820319
30870416
30887951
30906816
31283046
31381499
31383692
31388990
31423346
31487774
31503320
31629889
31810284
31848699
31886302
31959609
31983585
32126325
32154502
32185375
32199123
32231360
32327006
32337474
32438214
32459639
32514362
32265733
32266110
32266111
32268003
32272392
32272641
32272802
32272874
32277138
32280642
32280738
32285868
32286988
32289453
32290302
32290784
32292232
32298972
32299145
32299346
32303325
32303825
32306191
32309185
32316327
32324559
32325819
32326441
32328092
32329105
32329286
32333464
32334807
32338072
32344644
32345907
32348253
32349155
32353426
32355125
32355165
32355431
32357393
32357722
32360892
32364140
32364157
32365074
32365884
32366785
32369216
32372713
32373155
32380823
32382520
32382590
32385567
32387730
32388335
32390786
32390821
32395039
32395576
32396098
32396573
32403774
32403986
32406004
32407309
32407395
32410203
32414319
32414560
32416269
32416697
32419245
32420417
32421600
32423170
32423646
32425752
32426247
32427990
32428252
32428884
32438003
32438669
32439133
32439425
32439517
32443463
32443715
32446497
32449806
32452389
32452657
32453225
32453489
32455242
32459183
32460061
32463965
32466401
32468651
32468992
32469875
32470821
32471072
32471144
32477894
32479970
32481403
32483222
32483478
32489569
32489927
32490070
32491896
32492059
32493227
32493756
32499942
32501882
32501935
32502103
32504259
32509450
32509994
32515285
32517756
32518305
32521029
32521754
32522662
32523524
32526385
32529884
32532306
32536368
32539646
32543043
32543592
32544122
32545736
32547475
32549966
32551375
32552119
32553746
32554024
32555200
32558016
32564239
32565624
32565928
32566777
32570568
32570583
32570931
32572106
32577440
32580313
32581662
32586181
32586398
32589141
32596287
32601743
32603382
32603812
32604636
32609568
32612890
32613115
32613117
32614858
32617271
32617748
32627294
32627847
32628794
32630197
32631082
32633194
32635514
32635994
32637372
32637981
32640553
32642512
32643230
32646668
32647117
32649890
32650053
31790679
31790732
31791084
31791122
31791235
31794006
31794595
31794662
31794933
31795188
31795859
31798363
31800693
31804487
31805116
31805157
31808791
31809021
31813535
31816087
31816234
31817652
31821414
31825479
31828959
31834368
31834373
31838143
31840251
31841241
31841276
31841550
31841564
31842071
31842741
31846452
31848434
31851311
31855299
31855656
31856824
31857624
31865928
31872957
31876738
31878100
31878602
31882950
31882996
31884165
31889980
31893823
31897049
31897449
31904816
31904818
31904854
31905016
31909830
31909998
31912313
31912487
31913438
31913465
31918417
31921293
31921958
31930375
31930382
31930398
31935100
31937236
31938721
31940340
31941270
31941893
31946894
31950997
31952301
31953823
31956539
31956677
31957214
31962460
31964767
31965332
31966319
31972557
31975167
31975169
31978052
31980751
31984340
32002517
32003782
32003791
32003993
32004433
32005189
32006287
32006289
32011169
32012556
32012623
32013938
32015065
32015543
32016382
32019060
32021702
32021947
32024462
32025509
32025654
32028886
32034880
32035008
32036039
32038995
32039696
32041648
32042829
32043760
32044918
32044951
32047414
32047415
32049335
32050004
32051022
32053156
32054215
32055710
32059112
32061125
32063248
32066370
32070235
32070398
32072653
32073732
32092702
32097025
32101277
32101419
32102365
32108316
32108317
32109607
32112416
32113773
32114144
32117629
32117635
32118203
32121705
32122017
32122303
32123206
32124315
32127531
32128697
32131723
32132545
32133422
32138660
32139786
32141051
32143574
32144496
32145010
32149021
32150535
32150670
32151105
32153297
32154830
32155108
32159396
32159420
32161645
22938523
22938524
22938694
22938699
22950317
23045804
23193530
23272369
23384684
23427672
23434777
23438130
23449030
23582565
23948369
23998743
24010903
24068697
24119154
24146908
24231466
24297902
24311803
24315866
24340066
24375578
24383854
24438485
24502271
24521885
24553081
24647727
24737752
24824651
24827101
24862081
24915762
24943887
24970309
25017862
25038567
25063552
25080342
25106433
25132530
25139000
25179427
25205093
25267848
25324132
25338510
25541013
25543742
25547871
25550284
25553896
25555231
25583073
25670672
25670730
25759743
25788598
25874630
25889376
25913453
25987734
26005204
26044884
26109078
26113382
26123779
26205503
26347553
26354849
26358987
26410400
26413829
26523499
26623196
26700457
26780263
26802791
26847931
26910233
27074611
27111016
27207643
27324744
27342652
27391138
27445352
27499019
27658593
27698666
27735965
27773569
27777582
27938703
28080919
28109837
28170213
28192243
28264356
28306545
28363059
28464824
28478198
28630199
28635138
28647127
28650234
28679794
28690112
28723960
28751678
28794044
28817588
28817630
28873961
28978755
29026649
29030787
29055136
29076160
29095557
29104018
29114125
29131856
29236745
29271312
29329683
29342169
29356394
29375757
29428302
29462190
29466000
29496780
29517427
29536463
29571024
29574138
29780016
29943640
29949610
30160303
30212358
30243548
30243595
30255069
30269397
30271564
30339670
30478847
30524754
30584551
30585425
30598660
30601869
30826139
30873745
30919443
30922084
30940697
30970028
31044871
31065829
31097029
31256202
31288694
31310015
31469454
31494069
31564503
31577204
31605811
31632990
31664097
31668984
31676333
31731798
31770594
31812178
31853628
31891687
31926531
31952524
31955803
31979065
32068510
32124096
32131452
32458249
32459354
32459380
32459410
32459511
32459659
32460848
32461270
32462667
32462928
32463548
32468403
32471503
32473583
32475231
32475285
32475465
32476037
32477167
32477434
32478664
32478665
32479254
32479586
32480267
32481405
32481462
32481470
32482580
32483060
32483398
32483650
32483725
32487861
32487950
32488843
32489740
32489917
32490021
32490148
32490896
32491086
32491096
32492703
32493092
32493472
32495304
32495893
32496281
32496973
32497304
32497329
32498153
32498482
32498618
32500516
32501969
32505750
32509121
32509129
32509251
32509639
32509888
32510443
32511102
32511604
32512344
32513461
32513793
32514249
32516657
32517967
32517990
32518262
32520794
32521024
32521091
32521510
32522196
32525905
32525921
32526375
32527354
32528740
32528967
32530172
32530756
32530982
32531255
32534283
32534776
32538201
32538455
32538490
32538753
32539644
32540199
32540329
32542468
32543298
32545045
32545073
32546064
32546948
32547626
32547876
32548289
32549772
32549785
32551800
32552097
32552733
32552941
32553025
32555012
32556315
32556529
32557675
32563382
32563559
32564552
32565589
32566374
32569237
32569481
32570044
32570253
32571742
32572930
32573827
32574030
32574936
32574983
32576203
32576349
32576352
32576353
32577113
32577736
32577952
32579084
32580750
32581908
32582384
32582828
32585383
32585442
32586617
32587447
32587457
32588208
32589592
32590662
32590808
32591883
32594277
32599103
32599495
32600137
32600181
32601583
32603521
32604150
32606696
32606698
32606962
32607061
32607563
32608838
32609964
32610449
32613506
32613532
32615675
32616127
32616577
32617425
32619891
32620389
32622708
32622937
32623126
32394863
32397992
32399279
32399554
32399562
32399572
32401701
32406757
32407095
32409786
32410242
32411181
32414321
32415559
32415957
32415959
32417704
32418518
32419323
32420136
32420140
32420153
32420375
32421831
32423403
32423860
32425983
32426025
32428078
32428223
32429868
32429990
32430990
32432377
32437519
32437522
32437556
32437684
32438470
32441122
32445243
32446050
32448146
32448189
32449749
32449758
32450795
32456363
32456463
32456592
32459877
32461969
32467731
32467990
32469610
32469797
32470056
32470106
32470662
32470861
32471384
32476288
32476992
32477007
32477227
32479894
32481304
32481346
32482029
32484314
32484539
32487212
32489911
32489996
32492120
32492213
32493063
32493468
32494309
32497132
32502244
32504647
32504750
32505178
32511228
32514028
32514944
32516357
32518652
32521873
32526881
32527328
32528518
32528874
32529631
32533271
32533776
32533823
32536733
32536814
32536823
32537023
32539836
32541899
32542031
32542441
32544695
32544779
32546826
32551054
32553663
32554025
32558399
32560350
32560657
32561532
32565937
32565957
32565992
32566010
32566063
32566090
32566642
32567870
32567943
32568729
32569706
32570384
32571260
32571271
32571304
32573705
32573813
32574157
32574516
32574977
32577668
32579220
32580715
32582287
32583544
32584890
32587985
32589193
32593163
32595237
32596834
32599927
32600319
32600408
32600423
32600483
32601687
32603093
32603651
32604805
32606567
32606776
32606959
32607020
32607211
32608130
32608274
32609318
32609601
32610492
32614380
32614631
32619001
32619004
32619008
32620106
32620805
32622107
32625242
